0.28

0 -8.90283 -4.82563 1.77057 0 1.56824 0
1 -3.79959 0.736049 1.82504 1.56834 -0 0
2 -2.19541 0.724153 1.76356 1.57188 -0 0
3 -3.90063 -5.69347 1.64801 0 -1.53132 0
4 -3.59641 -3.06982 1.55694 -1.56469 0 0
5 -3.30158 -3.79558 1.65776 0 -1.53884 0
6 -1.946 -2.87221 1.52034 -1.52458 -1.56567 0
7 -8.33758 -6.07927 1.584 -1.5708 1.5708 0
9 -5.55305 -6.07461 1.88479 -1.55659 0 0
11 -2.1 -1.29 1.765 0 -1.5708 0
12 -2.44858 -4.10191 2.20445 -1.56693 0 0
13 -0.785442 -0.509094 1.27848 0 -1.56858 0
14 -7.70318 -2.23139 2.27545 0 1.54163 0
15 -6.16342 0.735901 2.18535 1.56173 -0 0
16 -6.83691 -4.53136 0.739113 0 1.57048 0
