1.5 0 0.6 0 0 255
1.5 0 0.575 0 0 255
1.5 0 0.55 0 0 255
1.475 0 0.575 0 0 255
1.45 0 0.6 0 0 255
1.45 0 0.575 0 0 255
1.45 0 0.55 0 0 255
1.425 0 0.6 0 255 0
1.425 0 0.575 0 255 0
1.425 0 0.55 0 255 0
1.4 0 0.6 0 255 0
1.4 0 0.55 0 255 0
1.375 0 0.6 0 255 0
1.375 0 0.575 0 255 0
1.375 0 0.55 0 255 0
1.35 0 0.6 0 0 255
1.35 0 0.575 0 0 255
1.35 0 0.55 0 0 255
1.325 0 0.55 0 0 255
1.3 0 0.55 0 0 255
1.275 0 0.6 0 255 0
1.275 0 0.575 0 255 0
1.275 0 0.55 0 255 0
1.25 0 0.6 0 255 0
1.25 0 0.575 0 255 0
1.225 0 0.6 0 255 0
1.225 0 0.575 0 255 0
1.225 0 0.55 0 255 0
